28,7,4
1832,7,4
3418,7,3
3740,7,3
15582,7,2
16082,7,4
1744,79,3
3418,79,4
4761,79,4
6482,79,3
14712,79,3
15576,79,3
15582,79,5
16082,79,4
1744,199,3
14712,199,4
15582,199,4
16082,199,4
6482,481,3
10721,481,5
14712,481,3
15582,481,4
16082,481,5
907,769,3
1744,769,4
3253,769,2
6482,769,4
12538,769,3
15582,769,2
28,906,3
12292,906,4
13927,906,4
28,1310,3
1832,1310,3
3253,1310,5
3418,1310,2
6482,1310,3
14712,1310,2
14807,1310,4
15582,1310,4
16082,1310,4
28,1333,2
1744,1333,3
1832,1333,2
3253,1333,3
6482,1333,1
7186,1333,4
9087,1333,2
9256,1333,2
11688,1333,4
12292,1333,3
13604,1333,1
14712,1333,2
15449,1333,3
15582,1333,2
16082,1333,2
1744,1427,1
1832,1427,4
6482,1427,4
15582,1427,3
28,1442,4
305,1442,5
1744,1442,5
3253,1442,3
4761,1442,5
14712,1442,4
16082,1442,5
1744,1457,4
3944,1457,3
4761,1457,3
6482,1457,4
10721,1457,3
14712,1457,2
15582,1457,2
16082,1457,3
28,1500,1
1744,1500,4
3418,1500,4
15582,1500,4
16082,1500,5
28,1527,5
48,1527,5
1744,1527,3
6650,1527,3
10721,1527,2
14712,1527,2
16082,1527,3
1744,1918,3
6482,1918,3
10721,1918,2
14712,1918,2
15582,1918,2
16082,1918,3
28,2000,4
1744,2000,3
2344,2000,3
3253,2000,4
6482,2000,3
7186,2000,4
14137,2000,2
15582,2000,2
1744,2128,4
1832,2128,3
4761,2128,3
6482,2128,3
28,2213,5
305,2213,5
907,2213,3
1832,2213,3
3418,2213,3
4761,2213,4
8561,2213,3
13633,2213,3
14137,2213,3
14712,2213,4
15582,2213,4
16082,2213,3
1832,2225,3
4049,2225,5
14712,2225,2
15582,2225,3
16082,2225,5
28,2307,3
305,2307,3
1744,2307,4
3418,2307,3
6482,2307,3
1744,2455,4
3418,2455,4
4761,2455,3
6482,2455,2
11688,2455,4
14137,2455,2
14712,2455,4
15576,2455,3
15582,2455,4
16082,2455,3
305,2469,4
1744,2469,5
3253,2469,4
3418,2469,5
4049,2469,3
13927,2469,5
14712,2469,4
15582,2469,4
16082,2469,4
28,2678,2
1832,2678,3
14137,2678,2
14712,2678,4
907,2787,4
1744,2787,2
3418,2787,1
14712,2787,1
15582,2787,1
28,2905,5
305,2905,4
1744,2905,5
4761,2905,3
6482,2905,5
8781,2905,5
12538,2905,5
13055,2905,5
15582,2905,5
16082,2905,4
28,2976,4
1744,2976,4
1832,2976,3
3418,2976,4
3740,2976,3
4761,2976,3
6482,2976,4
10721,2976,3
11965,2976,3
14712,2976,3
15449,2976,3
15582,2976,4
16082,2976,5
1744,3039,4
4761,3039,4
6482,3039,3
12292,3039,2
14137,3039,3
28,3321,4
48,3321,4
305,3321,4
577,3321,4
907,3321,3
1061,3321,3
1744,3321,4
1832,3321,3
3740,3321,3
4049,3321,1
4761,3321,4
4981,3321,2
6482,3321,4
7186,3321,3
8561,3321,1
8781,3321,2
10721,3321,2
11158,3321,3
12422,3321,1
13633,3321,1
13927,3321,4
14137,3321,3
14712,3321,4
15449,3321,3
15576,3321,3
16082,3321,3
992,3363,2
1744,3363,2
1832,3363,5
3253,3363,5
3418,3363,4
3740,3363,4
4049,3363,5
7186,3363,5
11288,3363,2
11965,3363,4
12292,3363,5
14712,3363,4
15582,3363,3
907,3458,5
1744,3458,3
1832,3458,4
3253,3458,3
3740,3458,4
4761,3458,2
6482,3458,3
11688,3458,3
1744,3595,4
3253,3595,2
3740,3595,4
4761,3595,3
6482,3595,3
8561,3595,2
14712,3595,2
15582,3595,1
16082,3595,2
305,3604,3
3253,3604,3
3418,3604,3
14712,3604,4
15582,3604,3
15992,3604,5
16082,3604,4
907,3694,3
1832,3694,4
3253,3694,4
3740,3694,3
6482,3694,3
6666,3694,4
12292,3694,3
28,3718,4
3253,3718,3
3944,3718,3
5877,3718,3
15582,3718,2
1744,3798,2
1832,3798,3
3253,3798,4
4049,3798,4
6482,3798,3
6666,3798,3
1744,3870,4
4761,3870,3
6482,3870,3
14712,3870,1
15582,3870,4
28,3998,5
305,3998,5
577,3998,5
1744,3998,5
3418,3998,5
4761,3998,5
6482,3998,4
6666,3998,4
9087,3998,5
14137,3998,3
14712,3998,5
15582,3998,5
16082,3998,5
28,4057,4
1744,4057,4
4761,4057,4
6482,4057,4
10721,4057,3
14712,4057,4
15582,4057,4
16082,4057,4
12292,4247,4
13927,4247,4
14712,4247,3
15582,4247,2
16082,4247,2
28,4306,3
1744,4306,3
4761,4306,3
10721,4306,1
14712,4306,3
15582,4306,3
992,4315,5
6482,4315,5
11688,4315,4
14712,4315,5
15582,4315,4
28,4409,5
1832,4409,4
4761,4409,4
6482,4409,4
10721,4409,5
14712,4409,4
577,4421,2
595,4421,2
907,4421,4
992,4421,4
1832,4421,3
3418,4421,2
4761,4421,2
9087,4421,3
11688,4421,4
12292,4421,4
14712,4421,2
1832,4576,4
3740,4576,3
15582,4576,2
28,4597,3
907,4597,4
1744,4597,4
1832,4597,2
2344,4597,3
3253,4597,4
3740,4597,5
5877,4597,2
6482,4597,3
10576,4597,3
12292,4597,3
12824,4597,3
13927,4597,4
15582,4597,2
28,4679,5
1744,4679,5
3418,4679,5
4761,4679,5
13633,4679,5
15582,4679,5
16082,4679,5
1744,4706,3
3253,4706,4
3944,4706,3
4049,4706,5
12292,4706,5
15582,4706,3
16082,4706,2
1832,4783,4
3253,4783,4
6482,4783,3
12292,4783,4
28,4905,2
992,4905,5
1744,4905,4
2808,4905,3
4761,4905,4
6482,4905,4
6666,4905,3
10721,4905,2
14712,4905,3
15449,4905,4
15576,4905,3
15582,4905,5
16082,4905,5
3418,4906,3
11965,4906,5
12824,4906,5
14712,4906,4
15449,4906,5
15582,4906,3
16082,4906,4
28,4983,4
305,4983,4
1744,4983,4
12292,4983,4
13055,4983,3
13927,4983,4
14712,4983,4
15582,4983,4
16082,4983,5
1744,5399,5
3418,5399,3
4761,5399,3
14712,5399,3
15449,5399,4
15582,5399,3
16082,5399,4
1832,5530,5
4761,5530,4
6482,5530,4
7186,5530,3
9087,5530,3
15582,5530,2
1832,5568,3
3253,5568,3
3418,5568,1
4761,5568,2
5943,5568,2
13927,5568,3
15582,5568,2
1744,5569,4
1832,5569,5
4761,5569,3
6482,5569,5
14137,5569,2
577,5618,5
3253,5618,4
3740,5618,4
13927,5618,5
15582,5618,3
28,5652,4
907,5652,5
992,5652,4
1744,5652,2
1832,5652,3
9256,5652,3
12292,5652,5
15582,5652,2
16082,5652,4
3253,5977,3
3418,5977,3
6482,5977,3
7186,5977,4
14712,5977,3
15582,5977,3
16082,5977,5
1832,5980,3
2344,5980,3
3253,5980,5
3271,5980,4
4049,5980,5
7186,5980,5
10576,5980,3
11288,5980,2
12292,5980,3
14575,5980,3
14712,5980,4
15582,5980,4
1832,6056,5
3253,6056,4
6482,6056,5
6666,6056,5
14137,6056,2
14712,6056,3
15582,6056,2
1744,6173,3
1832,6173,3
3418,6173,1
4049,6173,2
4761,6173,4
13927,6173,3
14712,6173,3
16082,6173,4
305,6206,4
577,6206,4
907,6206,5
1744,6206,3
1832,6206,4
3253,6206,4
3418,6206,3
4761,6206,3
6482,6206,3
13927,6206,4
14712,6206,4
16082,6206,4
28,6460,3
1744,6460,3
1832,6460,3
3944,6460,3
12292,6460,4
28,6504,4
305,6504,5
1744,6504,4
1832,6504,4
3418,6504,3
6482,6504,4
9087,6504,4
14712,6504,5
15449,6504,5
15582,6504,5
16082,6504,5
305,6529,4
6482,6529,3
14712,6529,5
15582,6529,5
16082,6529,5
28,6544,4
48,6544,4
1744,6544,4
1832,6544,4
3418,6544,4
4761,6544,3
6482,6544,3
12824,6544,4
13927,6544,5
14712,6544,4
15516,6544,3
15582,6544,2
305,6629,3
1744,6629,3
1832,6629,3
10576,6629,3
13055,6629,3
13927,6629,4
14712,6629,3
15449,6629,5
15582,6629,5
16082,6629,5
1744,6699,3
3253,6699,3
6482,6699,5
6666,6699,3
15582,6699,3
16082,6699,4
1832,6766,2
3418,6766,2
6482,6766,3
15582,6766,3
16082,6766,4
28,6785,4
1744,6785,5
3418,6785,3
4761,6785,5
6482,6785,4
10721,6785,2
14712,6785,3
15582,6785,5
1744,7063,4
1832,7063,4
4761,7063,4
5943,7063,4
6482,7063,4
9087,7063,3
14712,7063,3
15582,7063,4
16082,7063,3
28,7133,4
1744,7133,5
6482,7133,4
14712,7133,4
15582,7133,5
28,7134,4
305,7134,3
1744,7134,3
1832,7134,4
3253,7134,4
4761,7134,3
6482,7134,4
15582,7134,2
16082,7134,4
1832,7284,5
3418,7284,1
14712,7284,2
15582,7284,1
28,7576,4
48,7576,4
1744,7576,4
1832,7576,2
3418,7576,2
6482,7576,4
7186,7576,4
13186,7576,4
14137,7576,4
14712,7576,2
15582,7576,3
16082,7576,4
577,7599,4
1744,7599,4
1832,7599,4
3418,7599,2
4761,7599,3
6482,7599,4
11965,7599,1
14712,7599,3
15582,7599,3
16082,7599,4
28,7601,4
1744,7601,3
4761,7601,2
13927,7601,4
14712,7601,2
15582,7601,4
1744,7628,3
1832,7628,4
6482,7628,4
14712,7628,2
15582,7628,4
16082,7628,3
1744,7730,4
1832,7730,4
3253,7730,4
4761,7730,4
6482,7730,3
14712,7730,1
16082,7730,2
1744,7748,5
4761,7748,3
6482,7748,3
14137,7748,3
14712,7748,4
15576,7748,4
28,7921,4
1744,7921,5
1832,7921,4
3740,7921,4
6482,7921,5
14712,7921,4
15582,7921,4
16082,7921,5
10721,7949,3
14712,7949,2
15449,7949,1
15582,7949,3
1744,8055,4
4761,8055,3
6482,8055,3
14712,8055,3
15582,8055,3
16082,8055,3
28,8095,5
577,8095,5
1744,8095,5
1832,8095,5
3418,8095,3
6482,8095,3
14712,8095,3
15582,8095,4
305,8117,3
1061,8117,5
1744,8117,5
3740,8117,5
4761,8117,3
6482,8117,5
8781,8117,3
12538,8117,3
14712,8117,4
15449,8117,3
28,8121,1
907,8121,3
4061,8121,2
6482,8121,3
7186,8121,1
9256,8121,1
10721,8121,1
12292,8121,3
14800,8121,4
992,8135,5
1744,8135,5
1832,8135,5
3418,8135,3
11688,8135,5
14712,8135,2
1832,8158,5
2786,8158,4
3253,8158,4
3740,8158,5
6482,8158,5
1744,8200,4
3253,8200,4
3418,8200,2
4761,8200,3
6482,8200,4
6666,8200,4
9855,8200,4
14137,8200,4
14712,8200,3
15449,8200,3
15582,8200,4
16082,8200,4
577,8212,3
1832,8212,4
3253,8212,3
3740,8212,4
3944,8212,3
5877,8212,5
6482,8212,2
9256,8212,3
12292,8212,4
12824,8212,4
16082,8212,1
28,8660,4
1744,8660,3
1832,8660,3
3253,8660,5
3418,8660,2
4761,8660,3
6482,8660,4
14137,8660,2
14712,8660,4
15582,8660,4
305,8748,4
1744,8748,3
3418,8748,3
6482,8748,4
10721,8748,3
14712,8748,3
15449,8748,3
15582,8748,4
16082,8748,4
3253,8757,3
3418,8757,3
6482,8757,4
14712,8757,3
28,8815,5
305,8815,4
1832,8815,4
3418,8815,5
6482,8815,5
6666,8815,5
8781,8815,5
14137,8815,5
14712,8815,5
15582,8815,5
28,9321,3
907,9321,5
1744,9321,4
1832,9321,4
11688,9321,3
12292,9321,3
14712,9321,1
15582,9321,3
16082,9321,3
305,9399,4
1744,9399,4
1832,9399,3
3418,9399,4
6482,9399,4
13927,9399,5
15582,9399,5
16082,9399,4
28,9557,5
305,9557,3
1832,9557,2
3418,9557,2
4049,9557,4
6482,9557,3
6666,9557,4
7186,9557,5
11158,9557,1
12292,9557,4
14137,9557,2
14712,9557,2
15516,9557,2
15582,9557,2
28,9597,5
1744,9597,3
3418,9597,5
4761,9597,3
6482,9597,3
14712,9597,1
15576,9597,4
15582,9597,3
16082,9597,4
3253,9660,3
6482,9660,3
15582,9660,3
16082,9660,3
1744,9691,4
3418,9691,4
4761,9691,4
15449,9691,4
15582,9691,5
16082,9691,5
1744,9850,5
1832,9850,3
3418,9850,3
4761,9850,3
6482,9850,5
10721,9850,4
14712,9850,5
15449,9850,4
15582,9850,5
16082,9850,5
28,9861,4
305,9861,4
3418,9861,4
6482,9861,3
10721,9861,3
15582,9861,4
16082,9861,4
1744,9964,3
2808,9964,4
3418,9964,4
15582,9964,4
16082,9964,4
907,10016,4
3253,10016,4
3740,10016,3
10576,10016,3
16082,10016,2
28,10251,4
595,10251,4
3418,10251,3
4049,10251,4
6482,10251,4
7186,10251,4
14712,10251,5
14807,10251,4
305,10268,3
992,10268,4
1744,10268,4
1832,10268,3
3418,10268,3
4761,10268,3
6482,10268,2
9087,10268,3
14712,10268,3
15449,10268,3
15582,10268,3
28,10273,3
1744,10273,4
1832,10273,3
3418,10273,3
4761,10273,3
6482,10273,4
14712,10273,3
15582,10273,4
16082,10273,4
28,10337,3
305,10337,4
3418,10337,3
4761,10337,2
6482,10337,4
14712,10337,3
15582,10337,4
305,10374,5
1744,10374,5
1832,10374,3
3418,10374,4
3740,10374,4
4761,10374,4
5943,10374,4
6482,10374,5
6666,10374,3
9087,10374,4
13927,10374,5
14137,10374,4
14712,10374,5
15582,10374,5
16082,10374,5
1832,10470,5
3253,10470,4
13186,10470,5
15714,10470,5
1744,10638,4
3253,10638,4
3418,10638,3
6482,10638,3
14137,10638,2
14712,10638,3
15582,10638,3
16082,10638,3
28,10679,4
48,10679,3
305,10679,3
992,10679,5
3418,10679,5
3740,10679,3
4761,10679,4
5943,10679,4
6482,10679,3
7186,10679,3
8781,10679,3
9087,10679,3
11688,10679,4
12292,10679,4
12538,10679,4
13633,10679,3
13927,10679,5
14712,10679,2
15516,10679,5
15582,10679,3
28,10733,3
907,10733,4
992,10733,3
3418,10733,2
3740,10733,2
4761,10733,1
6482,10733,2
14712,10733,3
14712,10742,2
15582,10742,2
16082,10742,3
305,10805,3
1744,10805,4
4761,10805,3
6482,10805,3
15582,10805,3
305,10897,3
992,10897,2
1744,10897,3
1832,10897,3
3418,10897,3
6482,10897,3
9087,10897,3
12292,10897,3
14712,10897,2
15516,10897,3
15582,10897,5
16082,10897,3
28,10901,5
305,10901,5
992,10901,5
1744,10901,5
1832,10901,5
3418,10901,5
4761,10901,5
6482,10901,5
12292,10901,5
14712,10901,5
15582,10901,5
16082,10901,5
28,10943,5
305,10943,5
1744,10943,4
1832,10943,4
8781,10943,4
14712,10943,4
15582,10943,5
16082,10943,5
28,10947,3
48,10947,3
1744,10947,3
1832,10947,3
4761,10947,3
7186,10947,3
12292,10947,3
14712,10947,2
15449,10947,3
15582,10947,3
16082,10947,3
1832,10954,3
3253,10954,4
3418,10954,3
6482,10954,3
7186,10954,3
15516,10954,4
15582,10954,4
16082,10954,5
28,11043,5
305,11043,5
1744,11043,4
1832,11043,4
2808,11043,3
3253,11043,3
3418,11043,3
4049,11043,4
4761,11043,3
6482,11043,3
6666,11043,3
8781,11043,4
9087,11043,4
10721,11043,4
11158,11043,3
12538,11043,4
14137,11043,3
14712,11043,5
15449,11043,4
15576,11043,5
15582,11043,5
16082,11043,5
1744,11215,5
1832,11215,3
6482,11215,5
6666,11215,4
10721,11215,4
14712,11215,4
15449,11215,4
15582,11215,5
16082,11215,5
28,11398,3
48,11398,5
1744,11398,4
6482,11398,3
28,11430,2
305,11430,5
1744,11430,3
1832,11430,5
3418,11430,5
6482,11430,4
11965,11430,5
14712,11430,4
15516,11430,5
16082,11430,5
1744,11462,3
1832,11462,3
3418,11462,3
3740,11462,3
4049,11462,4
13927,11462,5
15582,11462,2
16082,11462,4
1744,11540,5
3418,11540,3
4761,11540,4
10721,11540,3
13604,11540,4
14712,11540,4
15449,11540,4
15582,11540,3
16082,11540,4
28,11583,4
1744,11583,3
14712,11583,3
15582,11583,3
4761,11676,3
6482,11676,3
14712,11676,3
1744,11734,4
6482,11734,4
13927,11734,4
15449,11734,2
15582,11734,4
16082,11734,4
1744,11796,5
3253,11796,3
4761,11796,3
6482,11796,4
6666,11796,3
7186,11796,3
9087,11796,1
10721,11796,1
11158,11796,2
12538,11796,3
13927,11796,3
14712,11796,3
15582,11796,3
16082,11796,3
28,11826,3
305,11826,3
1744,11826,3
6482,11826,3
10721,11826,3
14137,11826,3
14712,11826,3
15582,11826,3
28,12253,4
305,12253,4
1744,12253,5
3418,12253,3
6482,12253,5
14712,12253,4
15449,12253,4
15582,12253,5
16082,12253,4
28,12798,3
305,12798,1
1744,12798,4
1832,12798,4
6482,12798,3
14712,12798,2
15582,12798,2
16082,12798,4
305,12812,4
1744,12812,4
1832,12812,5
3253,12812,3
3418,12812,3
6482,12812,4
9855,12812,1
13927,12812,3
14712,12812,4
15449,12812,4
15582,12812,5
28,12876,5
305,12876,5
992,12876,5
3418,12876,5
6482,12876,3
8781,12876,5
12538,12876,5
13927,12876,5
14712,12876,5
15576,12876,5
15582,12876,5
16082,12876,5
28,13013,2
305,13013,3
3253,13013,2
9855,13013,2
11965,13013,2
14712,13013,2
15449,13013,4
15582,13013,5
16082,13013,5
1744,13197,5
1832,13197,4
6482,13197,4
6666,13197,5
14137,13197,2
14712,13197,2
15449,13197,3
15582,13197,1
16082,13197,3
3253,13227,1
3418,13227,2
3740,13227,1
6482,13227,2
12292,13227,1
28,13266,4
3253,13266,2
3418,13266,4
6482,13266,5
7186,13266,4
13927,13266,5
14712,13266,2
15582,13266,5
16082,13266,4
1744,13333,4
3418,13333,3
6482,13333,5
10721,13333,2
14712,13333,4
15449,13333,2
15582,13333,5
16082,13333,4
1744,13432,5
1832,13432,4
3418,13432,3
4761,13432,4
6482,13432,4
10721,13432,5
12538,13432,3
14712,13432,3
15582,13432,4
16082,13432,3
1832,13462,3
28,13586,3
305,13586,3
1744,13586,4
3253,13586,4
3418,13586,2
6482,13586,3
10721,13586,3
15582,13586,3
16082,13586,3
28,13620,5
2808,13620,5
3418,13620,5
4761,13620,5
6482,13620,3
14712,13620,3
15582,13620,4
16082,13620,3
28,13843,2
4761,13843,5
6482,13843,2
11158,13843,1
14712,13843,5
15582,13843,3
907,13856,4
1744,13856,3
3253,13856,3
1744,13891,4
3253,13891,3
3418,13891,4
6482,13891,2
10721,13891,2
14712,13891,3
15582,13891,3
16082,13891,3
28,13938,4
1744,13938,4
6482,13938,4
14137,13938,3
14712,13938,4
15582,13938,4
16082,13938,3
28,14081,4
1744,14081,4
3418,14081,4
6482,14081,3
6666,14081,4
11965,14081,3
14137,14081,4
14712,14081,4
15582,14081,4
16082,14081,4
48,14164,5
1061,14164,5
1744,14164,5
3418,14164,4
6482,14164,3
6650,14164,5
13604,14164,5
14137,14164,3
14712,14164,5
16082,14164,5
3418,14185,3
6482,14185,1
10721,14185,2
15449,14185,4
15582,14185,5
28,14189,4
1744,14189,5
10721,14189,3
14712,14189,3
15449,14189,4
15582,14189,4
16082,14189,5
28,14403,4
992,14403,4
1744,14403,4
3418,14403,5
6482,14403,4
13927,14403,3
15582,14403,5
1744,14642,4
1832,14642,4
3253,14642,4
6482,14642,4
6666,14642,5
10721,14642,3
15582,14642,2
16082,14642,3
28,14682,4
1744,14682,4
4761,14682,4
6482,14682,3
9087,14682,2
12292,14682,3
14137,14682,2
14712,14682,3
15582,14682,2
16082,14682,3
907,14690,4
1744,14690,3
1832,14690,4
3253,14690,3
5943,14690,3
6666,14690,2
11009,14690,4
12292,14690,3
13927,14690,4
15582,14690,3
28,14704,4
1832,14704,4
3418,14704,4
6482,14704,5
7726,14704,4
12292,14704,3
16082,14704,4
28,14728,4
1744,14728,4
1832,14728,5
4761,14728,3
6482,14728,4
6666,14728,3
14712,14728,3
15582,14728,3
992,14756,5
1744,14756,3
4761,14756,3
6482,14756,3
14712,14756,4
15582,14756,3
1832,14817,4
3253,14817,3
12292,14817,4
14712,14817,1
15582,14817,3
16082,14817,2
1744,15104,3
1832,15104,2
3418,15104,3
3740,15104,1
14712,15104,2
15449,15104,3
15582,15104,3
16082,15104,2
28,15191,4
1744,15191,4
3418,15191,1
6482,15191,3
10721,15191,3
14712,15191,5
15582,15191,5
28,15217,4
1744,15217,3
1832,15217,3
14712,15217,5
15582,15217,5
16082,15217,3
28,15233,5
3418,15233,2
4761,15233,3
6482,15233,4
14712,15233,3
15582,15233,4
28,15402,3
305,15402,4
1832,15402,3
3418,15402,3
6482,15402,4
14712,15402,3
15582,15402,2
16082,15402,4
28,15420,3
1744,15420,2
1832,15420,3
6482,15420,3
7186,15420,3
13927,15420,3
14137,15420,2
14712,15420,4
15582,15420,3
16082,15420,3
1832,15425,3
4761,15425,3
6482,15425,4
14137,15425,5
14712,15425,3
992,15458,4
1744,15458,4
1832,15458,3
4761,15458,2
5943,15458,3
6482,15458,3
14712,15458,3
15449,15458,3
15582,15458,3
16082,15458,4
1744,15732,3
3418,15732,2
10721,15732,3
14712,15732,2
15582,15732,1
16082,15732,2
28,15737,4
305,15737,3
1744,15737,3
2808,15737,4
4761,15737,3
6482,15737,4
8781,15737,4
9087,15737,3
10721,15737,3
14712,15737,3
15582,15737,4
1744,15814,3
3253,15814,4
9087,15814,4
13927,15814,4
14137,15814,4
14712,15814,4
15582,15814,4
16082,15814,4
1744,15846,4
3253,15846,3
3944,15846,3
14712,15846,4
16082,15846,4
1744,15880,4
3253,15880,3
4049,15880,4
7186,15880,5
12292,15880,5
14712,15880,2
16082,15880,2
305,16029,3
3418,16029,4
12538,16029,3
15582,16029,1
28,16051,4
595,16051,4
992,16051,3
1832,16051,3
3418,16051,3
4761,16051,3
6482,16051,3
13927,16051,4
14137,16051,3
14712,16051,3
14807,16051,4
15582,16051,3
16082,16051,3
305,16074,4
1744,16074,5
3418,16074,4
4761,16074,4
14712,16074,3
15582,16074,5
16082,16074,4
28,16272,2
48,16272,2
305,16272,3
992,16272,2
1744,16272,4
1832,16272,3
3253,16272,3
3418,16272,2
3740,16272,2
4049,16272,3
4761,16272,3
4981,16272,3
5943,16272,3
6482,16272,3
7186,16272,3
8781,16272,3
9087,16272,2
10721,16272,1
11009,16272,2
11158,16272,2
11688,16272,3
12538,16272,2
13633,16272,2
13927,16272,3
14137,16272,4
14712,16272,4
14962,16272,2
15449,16272,3
15516,16272,3
15576,16272,3
15582,16272,3
16082,16272,3
16933,16272,2
305,16273,4
907,16273,3
1744,16273,4
1832,16273,4
3418,16273,3
3740,16273,5
4544,16273,3
4761,16273,3
5943,16273,3
6482,16273,4
9087,16273,3
11158,16273,3
11688,16273,4
14712,16273,3
15449,16273,4
15516,16273,3
15582,16273,2
16082,16273,4
305,16287,4
1744,16287,3
1832,16287,3
3253,16287,3
3418,16287,3
6482,16287,4
10721,16287,3
11965,16287,3
14137,16287,3
14712,16287,4
15582,16287,3
16082,16287,3
3253,16355,5
3740,16355,2
5877,16355,2
6482,16355,2
9087,16355,3
12292,16355,3
15582,16355,1
28,16386,4
1744,16386,4
11965,16386,4
15582,16386,4
16082,16386,3
1744,16475,4
1832,16475,4
4761,16475,4
6482,16475,3
14137,16475,3
28,16479,3
1832,16479,3
3418,16479,4
16082,16479,3
28,16558,5
907,16558,4
992,16558,4
1744,16558,4
3418,16558,3
4761,16558,1
5943,16558,3
6482,16558,4
7186,16558,4
13927,16558,4
14712,16558,4
15582,16558,4
16082,16558,1
992,16565,3
1744,16565,3
1832,16565,3
6482,16565,4
10576,16565,1
13633,16565,3
14712,16565,3
15582,16565,3
28,16581,5
48,16581,4
1744,16581,5
1832,16581,4
4761,16581,3
6482,16581,4
6666,16581,3
9087,16581,3
14712,16581,3
15576,16581,3
1744,16591,5
6482,16591,4
14712,16591,1
15582,16591,1
16082,16591,2
28,16786,4
1744,16786,4
1832,16786,4
3253,16786,4
4761,16786,4
6482,16786,3
9087,16786,3
14712,16786,2
15582,16786,3
28,17138,4
305,17138,3
1744,17138,5
4761,17138,4
6482,17138,5
10721,17138,4
11965,17138,2
14712,17138,2
15449,17138,4
15582,17138,4
16082,17138,4
992,17186,3
1744,17186,3
3253,17186,3
6482,17186,4
7186,17186,3
14712,17186,2
15582,17186,2
28,17189,4
305,17189,3
907,17189,3
1744,17189,4
6482,17189,3
6666,17189,4
7186,17189,4
9087,17189,4
12292,17189,5
14712,17189,5
305,17227,4
1744,17227,1
1832,17227,1
3418,17227,3
3740,17227,1
14712,17227,2
15449,17227,5
15582,17227,2
16082,17227,4
1744,17246,4
1832,17246,5
3418,17246,4
4761,17246,1
6482,17246,5
14712,17246,5
16082,17246,4
1744,17421,5
3418,17421,1
4761,17421,5
6482,17421,3
15516,17421,1
15582,17421,3
16082,17421,3
3253,17433,5
9256,17433,5
12292,17433,5
15582,17433,4
28,17451,5
1744,17451,5
3418,17451,5
6482,17451,5
14137,17451,5
14712,17451,5
15576,17451,5
15582,17451,5
16082,17451,5
1744,17462,2
1832,17462,1
4761,17462,1
5877,17462,5
6482,17462,2
12292,17462,3
13927,17462,4
15582,17462,1
3418,17587,3
4761,17587,4
11688,17587,5
14712,17587,3
15582,17587,4
3253,17634,3
14137,17634,1
14712,17634,2
15582,17634,1
16082,17634,3
1744,17691,3
1832,17691,3
6482,17691,1
14712,17691,3
14807,17691,4
15582,17691,4
16082,17691,4
1744,17860,4
3253,17860,2
3418,17860,3
4049,17860,3
15582,17860,3
28,17864,4
305,17864,4
1744,17864,4
3253,17864,3
3418,17864,1
3944,17864,3
4761,17864,2
5943,17864,3
6666,17864,1
9087,17864,3
12292,17864,4
12538,17864,3
12824,17864,4
14137,17864,3
14712,17864,3
15582,17864,4
16082,17864,4
17137,17864,3
1832,17890,3
3253,17890,3
6482,17890,2
6666,17890,2
12824,17890,5
13186,17890,5
14712,17890,2
1832,17916,5
3418,17916,5
11965,17916,5
13927,17916,5
15449,17916,3
15576,17916,4
15582,17916,3
28,18103,3
1744,18103,4
1832,18103,3
6482,18103,2
14712,18103,2
15582,18103,2
1744,18106,4
6482,18106,4
6666,18106,2
14712,18106,2
15449,18106,1
15582,18106,4
16082,18106,5
1744,18108,3
1832,18108,2
12824,18108,2
14712,18108,1
28,18279,4
1744,18279,4
3418,18279,3
14712,18279,5
15582,18279,4
305,18360,4
1744,18360,4
1832,18360,4
3253,18360,3
3418,18360,5
4761,18360,3
10721,18360,3
14712,18360,3
15582,18360,3
16082,18360,5
28,18415,4
1744,18415,3
1832,18415,2
3418,18415,3
6482,18415,3
6666,18415,4
10721,18415,3
15582,18415,3
6482,18426,4
14712,18426,3
15582,18426,3
1744,18432,4
3253,18432,4
6482,18432,4
14712,18432,5
15582,18432,5
16082,18432,4
28,18739,3
11965,18739,3
14712,18739,4
15449,18739,4
15582,18739,3
16082,18739,2
1744,18786,3
1832,18786,5
6482,18786,3
13927,18786,5
14712,18786,2
28,18830,5
305,18830,4
1744,18830,5
3418,18830,4
4761,18830,4
6482,18830,3
9087,18830,2
10721,18830,4
14137,18830,5
14712,18830,5
15582,18830,4
16082,18830,4
305,18856,3
992,18856,3
1744,18856,3
1832,18856,3
3418,18856,3
5943,18856,4
14712,18856,4
15449,18856,3
15576,18856,2
15582,18856,4
16082,18856,3
1744,18907,5
1832,18907,1
3418,18907,1
4761,18907,3
6482,18907,2
9087,18907,2
14137,18907,1
15582,18907,3
1744,19080,4
1832,19080,4
4761,19080,4
6482,19080,4
1744,19106,4
13927,19106,4
14137,19106,2
14712,19106,3
15582,19106,4
16082,19106,3
28,19117,3
1744,19117,4
3740,19117,4
4761,19117,3
6482,19117,3
14712,19117,5
16082,19117,3
1744,19121,4
3418,19121,2
6482,19121,2
14712,19121,3
15582,19121,4
16082,19121,4
3253,19318,2
3418,19318,3
15582,19318,3
16082,19318,3
28,19475,5
1744,19475,4
3418,19475,4
4761,19475,4
6482,19475,4
11965,19475,5
14137,19475,4
14712,19475,5
15576,19475,5
15582,19475,4
16082,19475,5
28,19573,4
1744,19573,4
1832,19573,3
3253,19573,5
4761,19573,3
6482,19573,3
14712,19573,3
15582,19573,5
1744,19596,4
1832,19596,4
4761,19596,2
6482,19596,4
14712,19596,2
16082,19596,3
992,19915,4
1744,19915,4
4761,19915,3
6482,19915,4
14137,19915,3
14712,19915,1
14807,19915,4
15582,19915,3
28,19930,3
305,19930,4
1744,19930,4
1832,19930,2
3418,19930,3
4761,19930,3
6482,19930,4
9087,19930,4
13927,19930,4
14712,19930,4
15582,19930,4
16082,19930,4
28,19938,3
305,19938,4
1744,19938,4
1832,19938,4
3418,19938,2
4761,19938,3
6482,19938,4
13927,19938,2
14137,19938,3
14712,19938,3
15582,19938,3
16082,19938,3
1832,19970,4
6482,19970,4
12292,19970,5
13927,19970,4
14712,19970,4
15582,19970,4
16082,19970,4
305,20217,3
1744,20217,4
14712,20217,3
15582,20217,3
992,20223,5
1744,20223,5
1832,20223,4
4981,20223,3
6482,20223,4
9087,20223,3
11688,20223,4
14137,20223,5
14712,20223,5
15576,20223,4
577,20328,5
1744,20328,5
1832,20328,3
4761,20328,5
6482,20328,4
15582,20328,5
2808,20350,3
14712,20350,3
15576,20350,2
15582,20350,4
28,20392,5
992,20392,5
1744,20392,4
3418,20392,4
4761,20392,4
8781,20392,5
14137,20392,2
14712,20392,3
15449,20392,5
15582,20392,5
16082,20392,5
4544,20461,2
14712,20461,5
15992,20461,3
16082,20461,4
28,20634,2
1744,20634,4
1832,20634,3
3418,20634,2
6482,20634,4
6666,20634,1
10721,20634,4
14137,20634,4
16082,20634,3
1744,20658,5
3253,20658,4
6482,20658,4
6666,20658,4
12538,20658,2
14137,20658,4
28,20774,4
305,20774,3
1832,20774,3
3253,20774,4
3418,20774,2
4049,20774,3
6666,20774,3
7186,20774,5
13927,20774,4
15576,20774,3
15582,20774,1
1744,20814,3
3253,20814,5
4049,20814,4
4761,20814,2
7186,20814,3
15582,20814,3
28,20918,2
1744,20918,3
1832,20918,3
12292,20918,4
15582,20918,2
16082,20918,2
1832,21117,4
6482,21117,4
14712,21117,3
15516,21117,3
15582,21117,3
28,21157,5
1744,21157,5
3418,21157,2
4761,21157,4
6482,21157,4
14712,21157,3
16082,21157,3
305,21364,3
992,21364,4
1744,21364,5
1832,21364,4
3418,21364,2
3740,21364,4
4761,21364,3
4981,21364,3
6482,21364,4
6666,21364,4
8781,21364,2
14712,21364,3
15582,21364,4
16576,21364,1
28,21386,4
1744,21386,4
1832,21386,3
6482,21386,3
14712,21386,5
16082,21386,3
28,21591,3
3253,21591,3
6482,21591,3
15582,21591,2
16082,21591,4
28,21597,3
992,21597,4
1744,21597,3
3418,21597,3
4761,21597,3
6482,21597,3
11688,21597,4
14712,21597,3
15582,21597,3
28,21677,3
1744,21677,4
6482,21677,5
10721,21677,3
14712,21677,5
15582,21677,3
16082,21677,4
28,21705,4
1744,21705,3
3253,21705,2
4761,21705,2
6482,21705,2
6666,21705,4
9087,21705,2
10721,21705,2
14137,21705,2
28,21823,4
48,21823,4
305,21823,3
1744,21823,4
1832,21823,3
3253,21823,3
3418,21823,3
3944,21823,3
4049,21823,4
4761,21823,4
6482,21823,4
9087,21823,3
10721,21823,2
12538,21823,3
13055,21823,5
14137,21823,3
14712,21823,2
15582,21823,4
16082,21823,4
17137,21823,3
1744,21953,3
1832,21953,3
3253,21953,3
6482,21953,3
14712,21953,3
9256,21983,3
12292,21983,3
14712,21983,3
16082,21983,3
1744,22018,3
3253,22018,4
4761,22018,3
6482,22018,3
28,22663,2
305,22663,2
1744,22663,3
3253,22663,2
3418,22663,2
5877,22663,4
7186,22663,3
12292,22663,3
14137,22663,2
15582,22663,2
28,22670,4
305,22670,3
577,22670,4
1744,22670,3
1832,22670,4
3253,22670,4
3418,22670,2
4761,22670,3
6482,22670,3
13927,22670,4
14712,22670,2
15582,22670,4
16082,22670,3
1744,22709,2
1832,22709,1
4761,22709,3
6482,22709,2
10721,22709,4
13604,22709,3
14712,22709,3
14962,22709,5
15582,22709,3
1744,22718,5
1832,22718,1
3944,22718,3
12292,22718,4
13927,22718,5
16082,22718,2
28,22842,5
577,22842,4
1744,22842,3
1832,22842,4
3740,22842,4
5877,22842,5
14712,22842,1
15582,22842,5
16082,22842,1
1744,22853,3
3253,22853,4
4049,22853,4
13927,22853,4
14712,22853,2
15582,22853,2
16082,22853,4
1744,23042,4
6482,23042,3
10721,23042,2
14712,23042,4
15449,23042,3
15582,23042,4
16082,23042,5
1832,23051,4
3253,23051,3
3740,23051,3
6482,23051,1
1832,23316,5
14137,23316,1
16082,23316,3
1744,23354,5
3418,23354,1
4761,23354,5
6482,23354,3
10721,23354,5
11158,23354,4
14712,23354,5
16082,23354,1
1832,23391,5
3418,23391,3
3740,23391,5
4761,23391,3
14712,23391,4
907,23421,5
992,23421,3
2808,23421,2
3253,23421,2
5943,23421,4
11688,23421,4
12292,23421,4
14712,23421,3
577,23427,4
992,23427,4
1744,23427,4
1832,23427,4
3418,23427,2
4761,23427,3
6482,23427,3
13604,23427,3
14712,23427,3
907,23487,4
1744,23487,4
1832,23487,4
4761,23487,4
6482,23487,4
16082,23487,3
3418,23713,4
4761,23713,3
5943,23713,1
6482,23713,3
15582,23713,5
28,23808,5
305,23808,3
1744,23808,3
6482,23808,3
11965,23808,5
14712,23808,3
15582,23808,4
1744,24059,3
1832,24059,4
4049,24059,5
12292,24059,3
14137,24059,2
14712,24059,2
15582,24059,2
16082,24059,3
1744,24294,3
1832,24294,5
6666,24294,4
11688,24294,4
1744,24344,2
3253,24344,4
7186,24344,3
28,24536,5
2808,24536,4
3418,24536,2
4761,24536,4
6482,24536,4
9087,24536,4
13604,24536,3
14137,24536,3
48,24600,5
907,24600,3
1744,24600,4
4761,24600,5
6482,24600,3
15582,24600,3
28,24705,3
4761,24705,4
6482,24705,3
14712,24705,4
15582,24705,3
28,24801,4
907,24801,5
992,24801,3
1744,24801,3
3740,24801,4
6482,24801,3
11688,24801,4
12292,24801,4
15449,24801,3
15582,24801,2
16082,24801,4
907,24995,4
1744,24995,5
1832,24995,2
6482,24995,2
48,25049,1
1832,25049,4
3253,25049,1
3418,25049,1
3740,25049,4
4761,25049,3
5943,25049,4
6482,25049,1
10721,25049,1
14793,25049,2
14807,25049,4
15582,25049,3
1744,25318,4
1832,25318,4
3944,25318,3
4761,25318,2
6482,25318,3
28,25354,3
48,25354,4
305,25354,2
1061,25354,4
1744,25354,4
3418,25354,3
11965,25354,4
14712,25354,2
15582,25354,4
16082,25354,3
1744,25382,4
3253,25382,3
6482,25382,3
14712,25382,3
16082,25382,3
12538,25412,4
13604,25412,4
15582,25412,2
28,25435,2
577,25435,3
1744,25435,3
1832,25435,3
3418,25435,1
4761,25435,3
6482,25435,3
6666,25435,3
10721,25435,2
13055,25435,4
14137,25435,2
14712,25435,2
28,25483,5
1744,25483,5
3418,25483,4
4049,25483,4
6666,25483,4
8781,25483,4
9087,25483,3
12292,25483,5
12538,25483,2
13927,25483,4
14712,25483,4
15582,25483,3
16082,25483,2
28,25533,4
305,25533,3
1744,25533,4
6482,25533,3
12292,25533,1
13927,25533,3
14712,25533,4
15516,25533,4
15582,25533,3
16082,25533,4
1744,25592,4
4761,25592,4
6482,25592,4
14712,25592,4
15449,25592,3
15582,25592,5
16082,25592,3
28,25629,3
907,25629,4
992,25629,5
1744,25629,4
6482,25629,4
14712,25629,3
3253,25755,2
6482,25755,5
10721,25755,3
14712,25755,3
15582,25755,4
16082,25755,4
28,25825,5
305,25825,3
1744,25825,5
3418,25825,3
4761,25825,5
6482,25825,3
9087,25825,3
14137,25825,4
14712,25825,4
15582,25825,5
16082,25825,4
1744,26101,4
1832,26101,5
3418,26101,2
5877,26101,3
6482,26101,4
14712,26101,2
15582,26101,2
28,26124,3
305,26124,3
1744,26124,4
3418,26124,5
6482,26124,4
7186,26124,2
8781,26124,3
9087,26124,2
12538,26124,3
13633,26124,3
14712,26124,4
15449,26124,3
15576,26124,3
15582,26124,5
28,26210,4
48,26210,3
1744,26210,3
3253,26210,4
6482,26210,4
6666,26210,4
10721,26210,2
14712,26210,2
16082,26210,3
1744,26252,4
6482,26252,4
9855,26252,2
10721,26252,1
14712,26252,1
15449,26252,3
15582,26252,3
16082,26252,2
28,26258,4
3418,26258,5
14712,26258,3
15449,26258,3
15582,26258,4
16082,26258,4
28,26334,2
1832,26334,3
3253,26334,3
3418,26334,1
4761,26334,1
6482,26334,1
7186,26334,1
14712,26334,2
15582,26334,2
16082,26334,2
28,26517,5
1832,26517,3
3418,26517,3
3740,26517,1
6482,26517,4
12510,26517,4
14137,26517,3
14712,26517,3
16082,26517,5
1744,26592,4
1832,26592,3
3740,26592,2
6482,26592,3
10721,26592,2
14712,26592,2
305,26674,4
1744,26674,4
3418,26674,4
4761,26674,4
6482,26674,4
6666,26674,3
8781,26674,4
15582,26674,4
16082,26674,5
1744,26756,4
1832,26756,3
3418,26756,3
14137,26756,3
14712,26756,4
15582,26756,3
1744,26757,5
1832,26757,4
4761,26757,4
14137,26757,4
14712,26757,5
15582,26757,5
16082,26757,5
1744,26762,4
5943,26762,4
305,27061,5
992,27061,5
1061,27061,5
1744,27061,5
1832,27061,5
4761,27061,5
6482,27061,5
6666,27061,5
9256,27061,5
10721,27061,5
11158,27061,4
13055,27061,5
14137,27061,5
14712,27061,5
16933,27061,5
305,27165,2
1744,27165,1
3418,27165,3
14712,27165,3
15582,27165,5
16082,27165,4
28,27318,5
48,27318,5
305,27318,5
1061,27318,5
1744,27318,5
3418,27318,5
6482,27318,5
6650,27318,5
6666,27318,5
13604,27318,5
14712,27318,5
1744,27349,4
4061,27349,3
14712,27349,3
305,27434,4
1744,27434,4
3418,27434,1
4761,27434,4
6482,27434,4
10721,27434,4
14137,27434,1
14712,27434,1
15449,27434,4
15576,27434,3
15582,27434,4
16082,27434,4
28,27608,4
11965,27608,5
14712,27608,4
15449,27608,4
16082,27608,4
1832,27715,4
3253,27715,4
992,27753,5
1744,27753,4
1832,27753,3
2110,27753,3
3418,27753,1
4761,27753,3
5943,27753,5
6482,27753,4
6666,27753,4
14712,27753,1
28,27870,3
305,27870,4
1744,27870,3
4761,27870,3
6482,27870,3
10721,27870,3
15449,27870,3
15582,27870,3
16082,27870,3
28,28277,4
577,28277,4
1744,28277,4
1832,28277,3
3740,28277,3
6482,28277,3
7726,28277,1
14712,28277,3
16082,28277,3
1832,28338,4
3418,28338,4
4049,28338,2
4761,28338,3
6289,28338,3
6482,28338,4
9087,28338,3
15576,28338,4
15582,28338,5
16082,28338,5
1744,28346,4
10721,28346,3
14712,28346,3
15582,28346,4
16082,28346,3
1832,28643,2
6482,28643,3
15582,28643,3
16082,28643,4
48,28656,5
1744,28656,3
12292,28656,3
13186,28656,3
14712,28656,2
16082,28656,3
1744,28658,4
1832,28658,4
3418,28658,2
3740,28658,5
4761,28658,3
15582,28658,3
16082,28658,3
28,28825,3
1744,28825,4
3418,28825,3
6482,28825,4
15582,28825,5
1832,29000,5
3253,29000,3
3418,29000,1
3740,29000,3
4761,29000,3
6482,29000,4
9087,29000,3
10721,29000,1
14712,29000,1
1744,29185,3
1832,29185,5
3418,29185,2
11688,29185,5
14137,29185,3
14712,29185,4
15582,29185,3
3253,29231,3
3418,29231,2
4049,29231,3
6482,29231,3
12292,29231,3
15582,29231,3
1832,29236,3
3740,29236,1
11965,29236,5
14712,29236,5
15449,29236,5
15582,29236,4
16082,29236,3
1744,29362,5
3253,29362,3
7186,29362,3
15582,29362,2
16082,29362,4
6666,29395,4
15582,29395,3
28,29431,4
48,29431,3
1744,29431,3
10721,29431,2
15582,29431,1
28,29706,4
1744,29706,3
1832,29706,3
6482,29706,1
14137,29706,4
14712,29706,2
28,29815,3
305,29815,3
992,29815,4
1744,29815,5
1832,29815,3
2808,29815,5
4761,29815,4
6482,29815,5
13633,29815,5
15576,29815,4
305,29827,4
1744,29827,5
4761,29827,3
6482,29827,5
14137,29827,4
14712,29827,5
15582,29827,4
16082,29827,5
4566,29862,3
15582,29862,4
16082,29862,3
28,29875,4
577,29875,5
1744,29875,4
3418,29875,1
5943,29875,1
6482,29875,3
12538,29875,4
13604,29875,1
14712,29875,2
15582,29875,4
28,30080,3
305,30080,5
3418,30080,3
14712,30080,4
15449,30080,5
15582,30080,5
16082,30080,5
28,30087,5
305,30087,5
1744,30087,5
15516,30087,4
15582,30087,5
16082,30087,5
1744,30245,3
1832,30245,4
11158,30245,3
13927,30245,5
14137,30245,4
14712,30245,3
1832,30270,3
3253,30270,4
4761,30270,3
15582,30270,1
28,30274,3
3253,30274,3
3418,30274,4
15516,30274,2
15582,30274,3
16082,30274,3
1744,30288,4
3418,30288,2
3740,30288,4
4761,30288,3
6482,30288,4
6666,30288,3
15582,30288,3
28,30751,4
907,30751,3
14712,30751,3
14793,30751,2
15582,30751,3
16082,30751,3
1744,30873,5
1832,30873,3
3418,30873,3
4761,30873,5
5943,30873,5
6482,30873,4
14712,30873,3
15449,30873,3
15582,30873,3
16082,30873,3
28,30878,3
1744,30878,4
3253,30878,2
6482,30878,4
7186,30878,3
12292,30878,5
14137,30878,3
14712,30878,4
15582,30878,3
16082,30878,3
28,30893,1
1744,30893,5
4761,30893,3
6482,30893,4
6666,30893,5
9087,30893,4
14137,30893,1
14712,30893,2
15449,30893,4
15582,30893,4
16082,30893,3
3253,30941,4
3740,30941,3
3944,30941,2
5943,30941,3
14712,30941,1
28,30976,4
1744,30976,4
14712,30976,4
15449,30976,3
15582,30976,5
16082,30976,3
907,30978,4
1744,30978,3
1832,30978,4
4061,30978,1
10576,30978,5
12292,30978,4
28,31059,4
1744,31059,4
3418,31059,2
4761,31059,4
6482,31059,2
14712,31059,4
15582,31059,3
16082,31059,3
1832,31203,4
3418,31203,2
6482,31203,4
9087,31203,2
15582,31203,4
16082,31203,2
28,31259,5
305,31259,5
1744,31259,5
3418,31259,4
6482,31259,5
10721,31259,5
12538,31259,4
14712,31259,5
15582,31259,4
16082,31259,4
12292,31387,4
14712,31387,3
15582,31387,4
4761,31408,3
9087,31408,3
28,31503,4
1744,31503,5
3418,31503,3
4761,31503,4
6482,31503,4
12292,31503,4
12538,31503,3
15582,31503,4
16082,31503,3
28,31724,4
1832,31724,3
4049,31724,4
6482,31724,4
13927,31724,4
14712,31724,3
15582,31724,3
16082,31724,3
28,31783,2
1744,31783,4
6482,31783,3
12538,31783,2
14712,31783,3
3740,31835,4
4761,31835,3
5943,31835,4
6482,31835,4
9087,31835,4
11009,31835,3
11688,31835,4
14137,31835,4
15576,31835,5
1744,32012,4
6482,32012,3
14137,32012,2
15582,32012,1
28,32141,3
1744,32141,4
1832,32141,4
6482,32141,3
28,32240,4
992,32240,5
1744,32240,4
3418,32240,4
14712,32240,4
15582,32240,5
16082,32240,5
28,32754,2
1744,32754,4
11688,32754,4
12292,32754,4
15582,32754,4
16082,32754,3
1744,32885,3
1832,32885,3
3253,32885,2
6482,32885,4
28,32902,5
305,32902,2
907,32902,3
1744,32902,5
3418,32902,2
3944,32902,3
4761,32902,3
5877,32902,3
6482,32902,4
9087,32902,1
11158,32902,2
12538,32902,3
14137,32902,1
14712,32902,2
15582,32902,3
28,33051,4
9087,33051,4
11965,33051,4
12292,33051,4
14137,33051,3
14712,33051,4
16082,33051,2
305,33089,3
1832,33089,4
3418,33089,4
4761,33089,3
6482,33089,3
11965,33089,3
13927,33089,2
14712,33089,3
15449,33089,4
16082,33089,3
28,33346,2
1744,33346,4
1832,33346,5
4049,33346,4
15582,33346,2
16082,33346,3
28,33430,3
1744,33430,4
3418,33430,2
4761,33430,4
6482,33430,4
6666,33430,3
14137,33430,3
14712,33430,5
15582,33430,2
16082,33430,4
16082,33609,3
28,33612,4
48,33612,4
305,33612,4
992,33612,3
6482,33612,4
6666,33612,4
8781,33612,3
12538,33612,2
14137,33612,1
14712,33612,2
15576,33612,2
15582,33612,3
16082,33612,3
577,33696,5
1744,33696,4
1832,33696,3
3418,33696,2
28,33711,5
1744,33711,5
1832,33711,4
3418,33711,4
6482,33711,3
12292,33711,5
12538,33711,5
14137,33711,2
14712,33711,5
15576,33711,4
15582,33711,5
16082,33711,5
28,33758,2
907,33758,3
1744,33758,3
12292,33758,4
14712,33758,3
15449,33758,2
15576,33758,2
15582,33758,3
16082,33758,1
28,33972,3
1744,33972,4
3418,33972,3
3740,33972,5
13927,33972,4
14712,33972,4
15582,33972,4
16082,33972,4
28,34300,4
14712,34300,3
907,34408,5
992,34408,2
1832,34408,3
3740,34408,4
6482,34408,3
15582,34408,2
16082,34408,3
907,34413,5
1832,34413,5
3944,34413,3
28,34669,4
305,34669,5
1744,34669,4
1832,34669,5
3418,34669,4
4761,34669,4
6482,34669,5
8781,34669,4
12538,34669,4
14712,34669,4
15582,34669,5
1744,34762,3
1832,34762,4
3253,34762,3
3418,34762,4
4761,34762,3
6482,34762,3
14712,34762,2
15582,34762,4
16082,34762,3
6482,35017,1
10721,35017,2
15582,35017,3
16082,35017,1
992,35036,4
1744,35036,4
1832,35036,3
6482,35036,3
13927,35036,3
14137,35036,3
14712,35036,3
16082,35036,3
1744,35111,5
3418,35111,3
4761,35111,5
6482,35111,4
14712,35111,4
15582,35111,3
907,35206,4
1744,35206,4
3418,35206,2
3740,35206,5
6482,35206,4
10721,35206,3
5267,35224,4
15582,35224,3
1744,35256,5
3418,35256,3
4761,35256,4
28,35511,3
305,35511,1
1832,35511,3
3740,35511,3
6666,35511,3
14712,35511,3
15582,35511,3
16082,35511,4
305,35528,5
3418,35528,5
9087,35528,2
10721,35528,2
15449,35528,3
15582,35528,5
16082,35528,5
28,35580,4
305,35580,2
3418,35580,3
6482,35580,3
10721,35580,3
14712,35580,3
15449,35580,3
15582,35580,3
1832,35824,3
3418,35824,3
13927,35824,3
14712,35824,4
15582,35824,3
16082,35824,4
5877,35994,4
14712,35994,4
15582,35994,3
16082,35994,3
1744,35996,3
1832,35996,3
5877,35996,4
6482,35996,3
14712,35996,2
15582,35996,1
1744,36104,3
3418,36104,3
6482,36104,3
14712,36104,4
15449,36104,4
15582,36104,4
16082,36104,4
1744,36123,4
3418,36123,2
6482,36123,4
14712,36123,4
15449,36123,3
16082,36123,4
28,36185,3
577,36185,4
1744,36185,3
14712,36185,4
15449,36185,3
15582,36185,3
16082,36185,3
28,36194,4
1744,36194,3
4761,36194,2
9855,36194,2
10721,36194,4
13186,36194,2
14137,36194,3
14712,36194,2
16082,36194,2
1744,36212,5
3418,36212,3
6482,36212,5
14712,36212,3
15582,36212,4
16082,36212,4
28,36217,3
992,36217,3
1744,36217,4
4761,36217,2
6482,36217,1
15582,36217,3
16082,36217,4
28,36329,4
1744,36329,3
1832,36329,3
3418,36329,4
6482,36329,5
14712,36329,4
15582,36329,2
16082,36329,3
28,36478,4
305,36478,4
1832,36478,3
3740,36478,3
6482,36478,3
10721,36478,2
12538,36478,3
14137,36478,2
15582,36478,3
16082,36478,3
1744,36581,5
6482,36581,3
14712,36581,1
15582,36581,4
16082,36581,3
28,36598,1
305,36598,4
1744,36598,4
4761,36598,4
14137,36598,1
14712,36598,1
15582,36598,4
1744,36600,3
6482,36600,3
15582,36600,3
1744,36629,3
1832,36629,5
6666,36629,3
14137,36629,2
14712,36629,3
1744,36822,5
3418,36822,5
4761,36822,1
6482,36822,5
9087,36822,4
13927,36822,3
15516,36822,5
15582,36822,5
16082,36822,5
1832,36828,5
3253,36828,2
6482,36828,4
305,37188,4
1744,37188,3
2110,37188,2
3253,37188,4
3418,37188,3
6482,37188,3
12292,37188,4
13927,37188,5
14712,37188,3
15582,37188,4
907,37362,4
1832,37362,3
3740,37362,3
6482,37362,4
7186,37362,3
12292,37362,3
13905,37362,3
15582,37362,3
16082,37362,5
1744,37444,4
1832,37444,5
3253,37444,4
3418,37444,4
6482,37444,4
15576,37444,4
15582,37444,3
16082,37444,3
305,37547,3
1744,37547,4
14137,37547,4
14712,37547,4
15576,37547,5
15582,37547,3
1744,37591,4
6482,37591,3
14712,37591,1
15582,37591,1
16082,37591,1
1744,37609,5
4761,37609,4
6482,37609,4
6666,37609,4
15449,37609,4
28,37797,4
1744,37797,4
4761,37797,3
6482,37797,5
6666,37797,5
10721,37797,3
14137,37797,4
14712,37797,5
15449,37797,4
15582,37797,2
16082,37797,3
1744,37883,4
3253,37883,3
3418,37883,3
15582,37883,3
16082,37883,4
48,37931,5
907,37931,4
1744,37931,4
3418,37931,4
28,38115,4
48,38115,3
1744,38115,3
3253,38115,4
3418,38115,2
4981,38115,3
6482,38115,4
12538,38115,3
14712,38115,4
15582,38115,3
16082,38115,3
3253,38244,4
4761,38244,3
10721,38244,3
1832,38284,2
3740,38284,5
4761,38284,3
6482,38284,5
6666,38284,4
7186,38284,3
16082,38284,2
595,38464,5
1744,38464,3
1832,38464,5
5943,38464,2
12292,38464,5
13927,38464,5
15582,38464,5
305,38514,4
1744,38514,5
4761,38514,5
14137,38514,5
14712,38514,5
15449,38514,4
15582,38514,3
9855,38859,2
13927,38859,2
14712,38859,5
15582,38859,5
16082,38859,5
28,38879,3
305,38879,3
1744,38879,3
1832,38879,3
3418,38879,4
6482,38879,3
6666,38879,3
12824,38879,5
14137,38879,3
14712,38879,3
15582,38879,4
16082,38879,4
1832,38893,5
3418,38893,4
4049,38893,3
16082,38893,4
28,38908,4
305,38908,5
1744,38908,4
3418,38908,4
6482,38908,3
14712,38908,3
15449,38908,4
15582,38908,5
16082,38908,4
28,38946,4
48,38946,4
1744,38946,5
3418,38946,2
6482,38946,3
14712,38946,4
16082,38946,5
28,38955,3
305,38955,4
3418,38955,2
12292,38955,3
13927,38955,4
14712,38955,2
15449,38955,4
15582,38955,4
16082,38955,3
28,38958,4
305,38958,3
1744,38958,5
3418,38958,3
14712,38958,3
15516,38958,3
15576,38958,3
15582,38958,4
16082,38958,4
1744,38969,4
6482,38969,4
6666,38969,3
14137,38969,3
14712,38969,3
15582,38969,3
305,39147,4
1744,39147,4
1832,39147,4
3418,39147,3
4761,39147,4
6482,39147,5
6666,39147,3
14712,39147,3
1744,39242,3
1832,39242,4
3253,39242,3
3740,39242,4
4761,39242,1
4981,39242,3
6482,39242,3
9087,39242,2
14137,39242,2
14712,39242,2
16082,39242,3
28,39297,4
305,39297,3
1744,39297,4
1832,39297,1
3253,39297,1
6482,39297,5
6666,39297,3
9087,39297,2
10721,39297,2
14712,39297,3
15582,39297,1
16082,39297,2
1744,39375,4
3418,39375,1
4761,39375,4
6482,39375,4
10721,39375,4
13604,39375,4
14712,39375,5
28,39450,4
305,39450,5
992,39450,4
1744,39450,4
3418,39450,5
4049,39450,3
12292,39450,5
14712,39450,4
15576,39450,4
15582,39450,4
16082,39450,5
48,39490,4
305,39490,3
577,39490,4
1744,39490,5
3418,39490,3
4761,39490,4
6482,39490,4
10721,39490,4
13055,39490,4
14712,39490,4
15582,39490,4
16082,39490,4
1744,39526,3
1832,39526,5
2808,39526,2
3740,39526,5
4049,39526,5
4761,39526,3
4981,39526,3
6482,39526,4
6666,39526,2
7186,39526,3
12292,39526,3
15714,39526,4
1744,39551,3
3740,39551,4
6482,39551,4
6666,39551,4
12538,39551,3
14137,39551,3
14712,39551,4
15582,39551,3
16082,39551,4
1744,39591,3
14712,39591,1
1744,39771,3
3418,39771,3
6482,39771,3
14712,39771,3
15576,39771,3
15582,39771,3
28,39809,4
1832,39809,5
3418,39809,4
4761,39809,4
6482,39809,4
6666,39809,4
7186,39809,3
14137,39809,4
14712,39809,4
15449,39809,4
15582,39809,4
305,39811,3
4761,39811,3
14712,39811,4
15576,39811,3
15582,39811,5
16082,39811,3
28,39896,4
305,39896,5
1744,39896,5
3418,39896,3
9087,39896,4
14712,39896,3
15582,39896,4
16082,39896,5
1832,39968,5
3253,39968,4
4049,39968,4
6482,39968,3
14793,39968,2
15582,39968,1
1744,40045,5
3418,40045,4
4761,40045,4
5943,40045,5
6482,40045,3
10721,40045,3
2808,40063,3
6482,40063,1
7726,40063,1
13927,40063,1
14712,40063,3
15582,40063,3
16082,40063,3
1744,40112,3
1832,40112,3
2110,40112,4
6482,40112,3
15582,40112,3
28,40174,5
1744,40174,4
1832,40174,3
3418,40174,2
6482,40174,4
14712,40174,4
16082,40174,4
1744,40445,4
1832,40445,3
3944,40445,4
10576,40445,3
10721,40445,3
1744,40450,5
1832,40450,3
6482,40450,3
14712,40450,1
992,40563,3
1744,40563,4
1832,40563,4
3740,40563,4
4049,40563,3
4761,40563,2
6482,40563,4
7186,40563,2
10576,40563,3
12292,40563,4
12824,40563,3
1744,40713,3
1832,40713,4
3253,40713,4
6482,40713,4
7186,40713,3
15582,40713,3
1744,40851,3
4049,40851,5
4761,40851,2
12292,40851,5
28,40950,5
305,40950,2
1744,40950,5
6482,40950,4
15582,40950,3
16082,40950,3
28,40993,3
1744,40993,3
1832,40993,2
4761,40993,2
6482,40993,2
14712,40993,4
15582,40993,3
16082,40993,3
28,41068,4
48,41068,2
3418,41068,2
4761,41068,3
8781,41068,3
12292,41068,4
12538,41068,3
14712,41068,2
15582,41068,3
907,41153,4
1744,41153,2
1832,41153,4
3740,41153,3
6482,41153,1
3253,41317,2
9087,41317,4
12292,41317,5
13927,41317,3
14712,41317,1
16082,41317,4
28,41412,4
992,41412,3
1744,41412,2
4761,41412,3
8249,41412,4
12538,41412,3
1744,41422,5
5943,41422,4
14712,41422,2
28,41701,4
1832,41701,4
13927,41701,4
14712,41701,2
15582,41701,4
28,41724,3
1744,41724,4
3418,41724,3
4761,41724,3
6482,41724,2
12538,41724,2
14137,41724,2
14712,41724,2
15449,41724,3
15576,41724,3
15582,41724,3
15785,41724,1
16082,41724,4
28,42064,4
305,42064,4
1744,42064,4
1832,42064,4
3418,42064,4
4761,42064,4
6482,42064,5
6666,42064,4
14137,42064,3
14712,42064,3
15449,42064,4
15582,42064,4
16082,42064,3
28,42072,1
1744,42072,4
2344,42072,4
3253,42072,5
3418,42072,1
3740,42072,3
6482,42072,1
13633,42072,4
14712,42072,2
15582,42072,1
1832,42104,4
3253,42104,4
3418,42104,1
14712,42104,1
6482,42123,2
12292,42123,2
15582,42123,4
16082,42123,2
1832,42128,3
2808,42128,4
3253,42128,3
3740,42128,3
6482,42128,4
13927,42128,4
14712,42128,3
15576,42128,3
16082,42128,3
1832,42147,4
6482,42147,4
10721,42147,3
14712,42147,3
15582,42147,5
16082,42147,4
1832,42275,4
3418,42275,3
5267,42275,4
5877,42275,2
5943,42275,4
6482,42275,2
11688,42275,4
12292,42275,4
13927,42275,4
305,42416,3
1744,42416,3
3418,42416,3
6482,42416,2
13927,42416,5
14712,42416,4
15449,42416,3
15516,42416,3
15582,42416,4
16082,42416,4
1744,42477,4
3418,42477,4
6482,42477,5
15582,42477,3
305,42487,4
907,42487,5
992,42487,5
1744,42487,4
3418,42487,3
4761,42487,3
6482,42487,3
14137,42487,4
14712,42487,4
15582,42487,3
16082,42487,3
28,42630,4
305,42630,5
1744,42630,4
3418,42630,4
6482,42630,4
8781,42630,4
14712,42630,4
15582,42630,4
16082,42630,4
1744,42712,5
1832,42712,5
3418,42712,4
6482,42712,5
7186,42712,4
14712,42712,3
15582,42712,4
16082,42712,2
28,43064,5
1744,43064,3
1832,43064,4
3253,43064,3
4049,43064,4
6482,43064,3
15582,43064,2
16082,43064,3
28,43141,3
1744,43141,3
3418,43141,3
7186,43141,4
14712,43141,3
15582,43141,4
28,43177,2
907,43177,3
1744,43177,2
1832,43177,2
3253,43177,3
3740,43177,3
3944,43177,2
5877,43177,2
6482,43177,3
6666,43177,3
12292,43177,3
14137,43177,3
14712,43177,2
16082,43177,2
1744,43193,5
4761,43193,3
10721,43193,3
305,43279,4
992,43279,4
1744,43279,5
3740,43279,5
6482,43279,5
6666,43279,5
14712,43279,4
15449,43279,3
16082,43279,3
1744,43489,5
1832,43489,4
6482,43489,4
14712,43489,3
15582,43489,3
16082,43489,4
28,43530,4
1744,43530,4
3253,43530,3
3418,43530,1
5943,43530,2
6482,43530,4
6666,43530,3
9087,43530,2
10721,43530,3
12538,43530,3
14137,43530,2
14712,43530,3
15582,43530,3
1744,43608,4
1832,43608,2
12292,43608,2
14712,43608,3
15582,43608,3
16082,43608,5
28,43729,5
305,43729,4
577,43729,4
1744,43729,3
3418,43729,3
6482,43729,4
8781,43729,2
11158,43729,3
14712,43729,3
28,43751,3
305,43751,3
992,43751,5
1744,43751,3
1832,43751,3
3418,43751,3
5943,43751,3
6482,43751,2
6666,43751,3
9256,43751,2
11688,43751,4
12292,43751,5
12538,43751,3
13055,43751,3
14137,43751,2
14712,43751,3
15582,43751,2
16082,43751,5
17137,43751,2
1744,43816,2
1832,43816,4
3253,43816,3
3944,43816,5
4761,43816,1
6482,43816,2
9087,43816,2
9256,43816,2
12292,43816,5
14712,43816,4
15582,43816,3
1744,44434,4
3418,44434,1
4761,44434,2
6482,44434,3
10721,44434,2
14712,44434,2
15449,44434,3
15582,44434,2
577,44490,4
1744,44490,4
1832,44490,4
4761,44490,3
6482,44490,2
11688,44490,3
14137,44490,3
14712,44490,5
15582,44490,2
16082,44490,3
1744,44516,4
3253,44516,3
3418,44516,2
13055,44516,4
14712,44516,2
15582,44516,2
16082,44516,3
1832,44518,4
3253,44518,5
4761,44518,1
13927,44518,4
15582,44518,4
16082,44518,3
1744,44573,3
1832,44573,3
6482,44573,3
15582,44573,3
16082,44573,3
1744,44734,5
1832,44734,2
3418,44734,1
6482,44734,4
6666,44734,4
9087,44734,3
13927,44734,4
14712,44734,2
15582,44734,3
16082,44734,3
1744,44807,4
6482,44807,3
13927,44807,5
14137,44807,4
14712,44807,5
15582,44807,3
28,45018,1
305,45018,4
3418,45018,3
5877,45018,1
5943,45018,1
10721,45018,2
14712,45018,3
15582,45018,5
16082,45018,3
28,45207,4
305,45207,4
992,45207,4
1744,45207,4
1832,45207,5
3418,45207,4
4761,45207,3
6482,45207,4
13186,45207,5
14137,45207,3
14712,45207,4
15449,45207,3
15576,45207,3
15582,45207,3
16082,45207,1
28,45234,3
48,45234,4
1744,45234,4
1832,45234,5
4761,45234,3
6482,45234,3
10576,45234,4
14712,45234,2
15582,45234,2
16082,45234,2
305,45243,2
1744,45243,2
1832,45243,3
3740,45243,3
6482,45243,2
6666,45243,4
14712,45243,2
15582,45243,1
28,45392,4
992,45392,4
1744,45392,5
3740,45392,5
4761,45392,4
6482,45392,5
6666,45392,5
12538,45392,4
14712,45392,2
15582,45392,4
16082,45392,3
28,45656,3
48,45656,3
1744,45656,3
1832,45656,2
3253,45656,3
4761,45656,3
6482,45656,3
10721,45656,3
14137,45656,2
14712,45656,3
1832,45835,3
6482,45835,1
15582,45835,1
28,45837,3
305,45837,4
4761,45837,4
6482,45837,4
8781,45837,2
10721,45837,4
13186,45837,3
14137,45837,3
14712,45837,3
16082,45837,3
1744,45911,4
6482,45911,3
12292,45911,4
14712,45911,2
28,45937,4
1744,45937,2
1832,45937,3
3418,45937,3
4761,45937,4
6482,45937,5
14712,45937,4
15582,45937,3
48,46003,5
1061,46003,3
1744,46003,3
3418,46003,5
6482,46003,4
8781,46003,5
12538,46003,3
14712,46003,4
15582,46003,4
907,46036,5
1744,46036,5
3418,46036,2
3740,46036,4
4761,46036,3
6482,46036,3
6666,46036,4
9087,46036,5
11158,46036,4
14137,46036,3
14712,46036,2
28,46140,5
1744,46140,5
4761,46140,5
6482,46140,5
15582,46140,2
1744,46222,4
1832,46222,3
3418,46222,2
4761,46222,2
6482,46222,3
14712,46222,2
15582,46222,3
16082,46222,2
305,46231,3
3418,46231,3
6482,46231,3
14137,46231,2
14712,46231,4
15582,46231,4
16082,46231,5
1744,46263,5
3253,46263,3
4761,46263,4
6482,46263,3
14712,46263,2
15582,46263,3
16082,46263,1
28,46650,3
48,46650,2
305,46650,4
1832,46650,3
3418,46650,5
4049,46650,3
4761,46650,2
6482,46650,3
8781,46650,2
9087,46650,3
10721,46650,2
11965,46650,2
13927,46650,3
14137,46650,2
14712,46650,3
15449,46650,3
15516,46650,4
992,46716,3
1744,46716,3
3253,46716,2
14712,46716,3
16082,46716,3
1744,46784,4
1832,46784,3
6482,46784,3
14137,46784,3
14712,46784,1
15582,46784,2
14137,46920,3
16820,46920,5
28,46929,1
1744,46929,5
3418,46929,1
6482,46929,1
15582,46929,1
28,47075,5
992,47075,4
13927,47075,4
14712,47075,4
16082,47075,4
28,47150,5
1744,47150,5
3418,47150,5
4049,47150,5
6482,47150,5
7186,47150,5
9087,47150,5
15582,47150,4
28,47236,5
577,47236,5
1832,47236,5
6482,47236,5
14137,47236,2
14712,47236,4
1744,47269,4
1832,47269,4
4761,47269,3
6666,47269,5
14712,47269,3
28,47312,4
305,47312,4
1061,47312,3
1744,47312,2
2808,47312,3
3418,47312,3
4761,47312,4
6482,47312,1
8781,47312,2
12538,47312,3
13604,47312,3
14712,47312,4
15449,47312,4
15576,47312,3
15582,47312,4
1744,47344,4
1832,47344,5
3740,47344,4
4761,47344,4
5943,47344,4
6482,47344,4
13186,47344,3
14712,47344,3
15582,47344,2
28,47400,2
1744,47400,3
1832,47400,4
3253,47400,3
3418,47400,3
6482,47400,2
12292,47400,4
12538,47400,3
13927,47400,4
15582,47400,3
16082,47400,2
48,47411,3
577,47411,5
1061,47411,4
1744,47411,3
1832,47411,5
3740,47411,3
4761,47411,2
4981,47411,3
6482,47411,5
6650,47411,5
6666,47411,3
13186,47411,3
13905,47411,4
992,47589,4
1744,47589,3
1832,47589,4
3418,47589,2
4761,47589,2
5943,47589,4
6482,47589,2
9087,47589,3
11688,47589,5
14137,47589,3
14712,47589,2
15449,47589,3
15582,47589,3
16082,47589,3
1744,47597,5
14712,47597,4
15582,47597,4
16082,47597,4
28,47891,3
1744,47891,3
1832,47891,4
3253,47891,5
3418,47891,2
6482,47891,3
14712,47891,3
15576,47891,2
28,47898,3
577,47898,4
1744,47898,4
1832,47898,3
3418,47898,3
4761,47898,3
6482,47898,3
14712,47898,4
16082,47898,4
1744,48076,4
6482,48076,4
14712,48076,3
15582,48076,4
28,48210,5
3253,48210,4
3418,48210,5
4049,48210,5
6482,48210,3
7186,48210,4
10721,48210,3
15582,48210,5
28,48282,4
1744,48282,3
1832,48282,4
3418,48282,4
6482,48282,4
9087,48282,4
14712,48282,3
15449,48282,3
15516,48282,3
15582,48282,4
16082,48282,4
28,48285,3
1744,48285,5
6482,48285,4
10721,48285,4
14137,48285,3
15582,48285,4
16082,48285,4
907,48334,3
1744,48334,3
1832,48334,2
13927,48334,4
14712,48334,3
15582,48334,4
16082,48334,3
28,48607,4
1744,48607,2
1832,48607,3
3253,48607,5
6482,48607,4
6666,48607,3
9087,48607,2
12824,48607,4
13927,48607,2
14137,48607,2
14712,48607,2
15582,48607,3
16082,48607,3
1061,48657,3
1744,48657,3
1832,48657,5
3253,48657,3
6482,48657,2
6666,48657,1
7186,48657,3
14712,48657,3
